disp('Output of Exercise56.m:')
Output of Exercise56.m:
S

S =

    0.3333    0.3333   -0.6667
   -0.6667    1.3333   -1.6667
    0.3333   -0.6667    1.3333


